7.525682418550043717e-01
8.183152333431170655e-01
0.000000000000000000e+00
8.306427942471382719e-01
8.244790137951276687e-01
0.000000000000000000e+00
6.113883181684767187e-01
5.852656295861461411e-01
5.588494276489579526e-01
4.725565013208101184e-01
4.928089228059877036e-01
4.989727032579981958e-01
5.130613442911652333e-01
5.242148517757557746e-01
5.242148517757557746e-01
5.233343117111828313e-01
5.183445846786028932e-01
5.221602582917522772e-01
5.303786322277663778e-01
8.265336072791311661e-01
5.201056648077487798e-01
6.703845024948634768e-01
5.162899911945992848e-01
4.977986498385676417e-01
4.828294687408277164e-01
4.655121808042266274e-01
4.866451423539771004e-01
3.965365424126797711e-01
3.803933078955092362e-01
4.085705899618432557e-01
5.840915761667155870e-01
3.093630760199589380e-01
4.270619313178749543e-01
0.000000000000000000e+00
7.637217493395949131e-01
8.447314352803052540e-01
0.000000000000000000e+00
0.000000000000000000e+00
0.000000000000000000e+00
0.000000000000000000e+00
6.257704725565013115e-01
6.055180510713238373e-01
5.526856471969474605e-01
5.253889051951864397e-01
4.461402993836219300e-01
4.919283827414147048e-01
5.101262107425887926e-01
5.183445846786028932e-01
5.183445846786028932e-01
5.201056648077487798e-01
5.183445846786028932e-01
5.162899911945992848e-01
5.192251247431758365e-01
5.151159377751687307e-01
4.977986498385676417e-01
5.060170237745816868e-01
7.079542119166422065e-01
6.439683005576753994e-01
4.643381273847960178e-01
4.552392133842089739e-01
4.197240974464337970e-01
3.812738479600821795e-01
3.783387144115056833e-01
3.560316994423246562e-01
3.437041385383035053e-01
5.101262107425887926e-01
4.432051658350454892e-01
0.000000000000000000e+00
0.000000000000000000e+00
8.864103316700909785e-01
9.013795127678310148e-01
0.000000000000000000e+00
8.773114176695039346e-01
0.000000000000000000e+00
6.348693865570882444e-01
5.870267097152920277e-01
5.374229527443498133e-01
5.183445846786028932e-01
4.531846199002054765e-01
4.907543293219841507e-01
5.060170237745816868e-01
5.130613442911652333e-01
5.192251247431758365e-01
5.233343117111828313e-01
5.192251247431758365e-01
5.192251247431758365e-01
5.171705312591723391e-01
5.080716172585852952e-01
5.051364837100088545e-01
4.886997358379806533e-01
4.837100088054006042e-01
4.622835339007924649e-01
4.452597593190489866e-01
4.716759612562371751e-01
4.787202817728206661e-01
3.803933078955092362e-01
3.651306134429116446e-01
3.507484590548869963e-01
3.387144115057234561e-01
6.075726445553272237e-01
3.792192544760786821e-01
5.964191370707366824e-01
8.649838567654828392e-01
9.025535661872615689e-01
9.054886997358380096e-01
9.004989727032579605e-01
8.852362782506604244e-01
0.000000000000000000e+00
0.000000000000000000e+00
5.799823891987084812e-01
5.406515996477839758e-01
5.089521573231582385e-01
4.989727032579981958e-01
4.957440563545641443e-01
5.080716172585852952e-01
5.708834751981215483e-01
5.201056648077487798e-01
5.294980921631934345e-01
5.183445846786028932e-01
5.303786322277663778e-01
5.162899911945992848e-01
5.353683592603463159e-01
4.989727032579981958e-01
4.796008218373935539e-01
4.675667742882301248e-01
5.729380686821250457e-01
5.121808042265922900e-01
4.117992368652773627e-01
4.308776049310243383e-01
3.783387144115056833e-01
3.651306134429116446e-01
3.539771059583211033e-01
3.378338714411505683e-01
3.275609040211329703e-01
4.106251834458468086e-01
0.000000000000000000e+00
8.934546521866745250e-01
9.087173466392720611e-01
8.963897857352508547e-01
9.166422072204285509e-01
9.054886997358380096e-01
6.824185500440270724e-01
6.225418256530672600e-01
5.758732022307014864e-01
5.374229527443498133e-01
5.171705312591723391e-01
5.039624302905781894e-01
5.039624302905781894e-01
5.019078368065746920e-01
5.667742882301144425e-01
5.183445846786028932e-01
5.183445846786028932e-01
5.212797182271793339e-01
5.212797182271793339e-01
5.142353977105957874e-01
4.886997358379806533e-01
4.898737892574112074e-01
6.926915174640445594e-01
6.633401819782799302e-01
4.481948928676254273e-01
4.969181097739947539e-01
4.126797769298503060e-01
3.965365424126797711e-01
3.742295274434986330e-01
3.639565600234810905e-01
3.601408864103317065e-01
3.428235984737305064e-01
3.325506310537129639e-01
4.411505723510419363e-01
6.551218080422659407e-01
9.145876137364250535e-01
9.054886997358380096e-01
9.004989727032579605e-01
9.166422072204285509e-01
9.128265336072790559e-01
6.906369239800411730e-01
6.257704725565013115e-01
5.840915761667155870e-01
5.262694452597592720e-01
5.183445846786028932e-01
5.080716172585852952e-01
5.110067508071617359e-01
5.121808042265922900e-01
5.080716172585852952e-01
5.183445846786028932e-01
5.110067508071617359e-01
6.398591135896684046e-01
5.101262107425887926e-01
5.030818902260052461e-01
4.857646022894041571e-01
5.233343117111828313e-01
4.593484003522160242e-01
4.564132668036395279e-01
4.531846199002054765e-01
4.754916348693865591e-01
4.056354564132667595e-01
3.862635749926621731e-01
3.762841209275021859e-01
3.680657469914880853e-01
3.651306134429116446e-01
3.730554740240680789e-01
3.395949515702964550e-01
3.874376284120927827e-01
0.000000000000000000e+00
9.186968007044320483e-01
9.025535661872615689e-01
9.166422072204285509e-01
9.310243616084532547e-01
9.186968007044320483e-01
0.000000000000000000e+00
6.237158790724978141e-01
0.000000000000000000e+00
5.497505136483710197e-01
5.294980921631934345e-01
5.121808042265922900e-01
5.121808042265922900e-01
5.130613442911652333e-01
5.110067508071617359e-01
5.943645435867331850e-01
5.110067508071617359e-01
5.324332257117698752e-01
5.110067508071617359e-01
4.977986498385676417e-01
4.837100088054006042e-01
6.539477546228353866e-01
4.663927208687995152e-01
4.543586733196360306e-01
4.390959788670384389e-01
5.700029351335486050e-01
4.270619313178749543e-01
3.894922218960962801e-01
3.833284414440857324e-01
3.730554740240680789e-01
3.742295274434986330e-01
4.734370413853830062e-01
3.771646609920751292e-01
4.188435573818609092e-01
0.000000000000000000e+00
0.000000000000000000e+00
0.000000000000000000e+00
0.000000000000000000e+00
9.542119166422071697e-01
9.368946287056061362e-01
6.803639565600234640e-01
6.125623715879072728e-01
5.576753742295273986e-01
5.526856471969474605e-01
5.303786322277663778e-01
5.142353977105957874e-01
5.130613442911652333e-01
5.151159377751687307e-01
5.171705312591723391e-01
5.080716172585852952e-01
5.121808042265922900e-01
5.060170237745816868e-01
5.121808042265922900e-01
5.629586146169650585e-01
4.837100088054006042e-01
4.622835339007924649e-01
4.622835339007924649e-01
4.552392133842089739e-01
4.473143528030525395e-01
4.928089228059877036e-01
4.138538303492808601e-01
4.035808629292632621e-01
3.903727619606692234e-01
3.824479013795127336e-01
3.692398004109186949e-01
4.989727032579981958e-01
4.775462283533900565e-01
6.571764015262694381e-01
0.000000000000000000e+00
0.000000000000000000e+00
9.703551511593777601e-01
0.000000000000000000e+00
9.542119166422071697e-01
7.737012034047549003e-01
6.671558555914294253e-01
6.105077781039037754e-01
5.476959201643675224e-01
5.506310537129438520e-01
5.294980921631934345e-01
5.162899911945992848e-01
5.741121221015555998e-01
5.183445846786028932e-01
5.130613442911652333e-01
5.101262107425887926e-01
5.089521573231582385e-01
5.060170237745816868e-01
5.060170237745816868e-01
5.811564426181391463e-01
5.741121221015555998e-01
4.605224537716465782e-01
5.101262107425887926e-01
4.552392133842089739e-01
4.440857058996183770e-01
4.370413853830349415e-01
4.238332844144408473e-01
4.085705899618432557e-01
3.953624889932491615e-01
6.113883181684767187e-01
4.288230114470208409e-01
3.944819489286762737e-01
4.027003228646903743e-01
5.658937481655414992e-01
0.000000000000000000e+00
1.000000000000000000e+00
0.000000000000000000e+00
0.000000000000000000e+00
0.000000000000000000e+00
7.525682418550043717e-01
6.633401819782799302e-01
6.712650425594364201e-01
5.609040211329615611e-01
5.526856471969474605e-01
5.192251247431758365e-01
5.130613442911652333e-01
5.162899911945992848e-01
5.221602582917522772e-01
6.489580275902553375e-01
5.080716172585852952e-01
5.121808042265922900e-01
5.799823891987084812e-01
5.039624302905781894e-01
5.506310537129438520e-01
4.969181097739947539e-01
4.857646022894041571e-01
4.655121808042266274e-01
4.502494863516289803e-01
4.432051658350454892e-01
4.320516583504549479e-01
4.106251834458468086e-01
4.065159964778397583e-01
3.936014088641033304e-01
3.985911358966833240e-01
4.047549163486938717e-01
4.138538303492808601e-01
4.027003228646903743e-01
5.861461696507190844e-01
0.000000000000000000e+00
9.137070736718521102e-01
0.000000000000000000e+00
0.000000000000000000e+00
0.000000000000000000e+00
0.000000000000000000e+00
4.614029938362195771e-01
5.770472556501320405e-01
6.125623715879072728e-01
5.485764602289404657e-01
5.142353977105957874e-01
5.101262107425887926e-01
5.142353977105957874e-01
5.171705312591723391e-01
5.039624302905781894e-01
5.811564426181391463e-01
5.071910771940123519e-01
5.019078368065746920e-01
4.928089228059877036e-01
4.957440563545641443e-01
5.385970061637804784e-01
5.385970061637804784e-01
4.634575873202230745e-01
4.531846199002054765e-01
4.399765189316114378e-01
4.288230114470208409e-01
3.974170824772527144e-01
3.903727619606692234e-01
3.915468153800998330e-01
4.452597593190489866e-01
4.006457293806868214e-01
4.159084238332844130e-01
7.038450249486352117e-01
6.469034341062518401e-01
0.000000000000000000e+00
8.943351922512474683e-01
0.000000000000000000e+00
0.000000000000000000e+00
0.000000000000000000e+00
6.976812444966244975e-01
5.039624302905781894e-01
4.919283827414147048e-01
5.870267097152920277e-01
5.497505136483710197e-01
5.151159377751687307e-01
5.089521573231582385e-01
5.030818902260052461e-01
6.125623715879072728e-01
5.071910771940123519e-01
5.051364837100088545e-01
5.019078368065746920e-01
5.010272967420017487e-01
5.617845611975345044e-01
4.878191957734076545e-01
4.746110948048136158e-01
4.696213677722336777e-01
4.614029938362195771e-01
4.511300264162019236e-01
4.440857058996183770e-01
4.432051658350454892e-01
4.176695039624302996e-01
3.985911358966833240e-01
3.936014088641033304e-01
5.192251247431758365e-01
4.056354564132667595e-01
4.188435573818609092e-01
5.497505136483710197e-01
6.154975051364837135e-01
0.000000000000000000e+00
8.984443792192544631e-01
0.000000000000000000e+00
0.000000000000000000e+00
8.326973877311417693e-01
6.671558555914294253e-01
5.840915761667155870e-01
4.614029938362195771e-01
6.389785735250953502e-01
5.444672732609333599e-01
5.101262107425887926e-01
4.989727032579981958e-01
4.998532433225711946e-01
5.039624302905781894e-01
5.030818902260052461e-01
4.989727032579981958e-01
5.051364837100088545e-01
4.977986498385676417e-01
5.811564426181391463e-01
4.754916348693865591e-01
5.647196947461109451e-01
4.696213677722336777e-01
4.634575873202230745e-01
4.531846199002054765e-01
4.684473143528030681e-01
4.663927208687995152e-01
4.138538303492808601e-01
4.035808629292632621e-01
4.056354564132667595e-01
3.944819489286762737e-01
4.076900498972703124e-01
4.167889638978573008e-01
5.758732022307014864e-01
7.220428529498091885e-01
0.000000000000000000e+00
9.004989727032579605e-01
0.000000000000000000e+00
9.533313765776343374e-01
9.592016436747871078e-01
6.378045201056647961e-01
6.166715585559142676e-01
4.502494863516289803e-01
5.253889051951864397e-01
5.840915761667155870e-01
4.939829762254182577e-01
4.898737892574112074e-01
4.907543293219841507e-01
4.957440563545641443e-01
4.939829762254182577e-01
4.919283827414147048e-01
4.939829762254182577e-01
4.807748752568241635e-01
4.705019078368065655e-01
4.716759612562371751e-01
4.643381273847960178e-01
4.663927208687995152e-01
4.655121808042266274e-01
4.684473143528030681e-01
4.349867918990313886e-01
5.221602582917522772e-01
4.969181097739947539e-01
3.985911358966833240e-01
4.015262694452597647e-01
4.027003228646903743e-01
4.106251834458468086e-01
4.176695039624302996e-01
4.250073378338714014e-01
4.857646022894041571e-01
0.000000000000000000e+00
8.914000587026709166e-01
0.000000000000000000e+00
9.430584091576167394e-01
9.442324625770472935e-01
6.501320810096858915e-01
6.419137070736717909e-01
4.440857058996183770e-01
6.105077781039037754e-01
4.866451423539771004e-01
4.845905488699736030e-01
4.828294687408277164e-01
4.845905488699736030e-01
4.857646022894041571e-01
4.857646022894041571e-01
4.766656882888171687e-01
4.816554153213971068e-01
5.923099501027295766e-01
4.643381273847960178e-01
6.245964191370707574e-01
4.564132668036395279e-01
4.584678602876430809e-01
4.572938068682125268e-01
0.000000000000000000e+00
5.518051071323745171e-01
4.787202817728206661e-01
4.552392133842089739e-01
4.035808629292632621e-01
4.015262694452597647e-01
4.006457293806868214e-01
4.126797769298503060e-01
4.208981508658643511e-01
4.238332844144408473e-01
4.919283827414147048e-01
0.000000000000000000e+00
8.884649251540945869e-01
9.186968007044320483e-01
0.000000000000000000e+00
9.269151746404461489e-01
6.257704725565013115e-01
4.696213677722336777e-01
4.452597593190489866e-01
5.931904901673026309e-01
4.787202817728206661e-01
4.696213677722336777e-01
4.705019078368065655e-01
4.796008218373935539e-01
4.734370413853830062e-01
4.807748752568241635e-01
5.720575286175521024e-01
4.787202817728206661e-01
4.746110948048136158e-01
4.622835339007924649e-01
4.502494863516289803e-01
4.452597593190489866e-01
4.511300264162019236e-01
4.461402993836219300e-01
6.093337246844731103e-01
5.770472556501320405e-01
4.977986498385676417e-01
4.684473143528030681e-01
3.924273554446727208e-01
3.985911358966833240e-01
3.974170824772527144e-01
4.006457293806868214e-01
4.217786909304373499e-01
4.229527443498679595e-01
6.216612855884942057e-01
0.000000000000000000e+00
8.790724977986498212e-01
9.166422072204285509e-01
9.116524801878485018e-01
9.219254476078660998e-01
5.931904901673026309e-01
4.308776049310243383e-01
4.411505723510419363e-01
4.837100088054006042e-01
4.675667742882301248e-01
4.622835339007924649e-01
4.502494863516289803e-01
5.010272967420017487e-01
4.684473143528030681e-01
4.746110948048136158e-01
4.716759612562371751e-01
5.344878191957733726e-01
4.684473143528030681e-01
7.088347519812151498e-01
4.452597593190489866e-01
4.411505723510419363e-01
4.440857058996183770e-01
4.572938068682125268e-01
5.365424126797769810e-01
5.274434986791898261e-01
4.320516583504549479e-01
3.903727619606692234e-01
3.915468153800998330e-01
3.994716759612562118e-01
3.894922218960962801e-01
3.915468153800998330e-01
4.027003228646903743e-01
4.147343704138538589e-01
4.493689462870560369e-01
7.737012034047549003e-01
0.000000000000000000e+00
9.116524801878485018e-01
9.116524801878485018e-01
9.025535661872615689e-01
5.902553566187261902e-01
4.238332844144408473e-01
4.361608453184619982e-01
4.928089228059877036e-01
4.411505723510419363e-01
4.399765189316114378e-01
4.440857058996183770e-01
4.564132668036395279e-01
4.605224537716465782e-01
4.684473143528030681e-01
4.643381273847960178e-01
4.725565013208101184e-01
4.866451423539771004e-01
4.452597593190489866e-01
4.370413853830349415e-01
4.370413853830349415e-01
5.758732022307014864e-01
4.523040798356324776e-01
5.658937481655414992e-01
4.828294687408277164e-01
4.349867918990313886e-01
4.643381273847960178e-01
3.894922218960962801e-01
3.965365424126797711e-01
3.842089815086586202e-01
5.840915761667155870e-01
3.894922218960962801e-01
3.994716759612562118e-01
4.270619313178749543e-01
0.000000000000000000e+00
0.000000000000000000e+00
9.025535661872615689e-01
0.000000000000000000e+00
8.872908717346639218e-01
4.898737892574112074e-01
4.878191957734076545e-01
4.382154388024655511e-01
4.584678602876430809e-01
4.270619313178749543e-01
4.308776049310243383e-01
4.349867918990313886e-01
4.531846199002054765e-01
4.531846199002054765e-01
4.593484003522160242e-01
4.634575873202230745e-01
4.663927208687995152e-01
4.531846199002054765e-01
4.399765189316114378e-01
4.329321984150278912e-01
4.229527443498679595e-01
4.370413853830349415e-01
5.444672732609333599e-01
5.089521573231582385e-01
5.151159377751687307e-01
4.329321984150278912e-01
4.816554153213971068e-01
3.894922218960962801e-01
4.015262694452597647e-01
3.812738479600821795e-01
3.792192544760786821e-01
3.824479013795127336e-01
3.842089815086586202e-01
5.394775462283534218e-01
0.000000000000000000e+00
8.864103316700909785e-01
9.046081596712649553e-01
8.902260052832403625e-01
8.831816847666568160e-01
4.543586733196360306e-01
5.576753742295273986e-01
4.197240974464337970e-01
4.572938068682125268e-01
4.288230114470208409e-01
4.208981508658643511e-01
4.399765189316114378e-01
4.502494863516289803e-01
4.531846199002054765e-01
4.511300264162019236e-01
4.614029938362195771e-01
4.614029938362195771e-01
4.552392133842089739e-01
4.440857058996183770e-01
4.320516583504549479e-01
4.382154388024655511e-01
4.675667742882301248e-01
4.229527443498679595e-01
4.270619313178749543e-01
4.176695039624302996e-01
4.085705899618432557e-01
3.936014088641033304e-01
5.303786322277663778e-01
3.936014088641033304e-01
3.742295274434986330e-01
3.660111535074846434e-01
3.792192544760786821e-01
3.762841209275021859e-01
5.749926621661285431e-01
3.395949515702964550e-01
8.773114176695039346e-01
8.922805987672438599e-01
0.000000000000000000e+00
6.084531846199001670e-01
4.816554153213971068e-01
5.294980921631934345e-01
4.258878778984444002e-01
4.329321984150278912e-01
4.217786909304373499e-01
4.085705899618432557e-01
4.399765189316114378e-01
4.432051658350454892e-01
4.420311124156149352e-01
4.461402993836219300e-01
4.605224537716465782e-01
4.531846199002054765e-01
4.481948928676254273e-01
4.411505723510419363e-01
4.329321984150278912e-01
4.320516583504549479e-01
4.998532433225711946e-01
4.159084238332844130e-01
5.497505136483710197e-01
3.994716759612562118e-01
3.874376284120927827e-01
3.853830349280892298e-01
3.792192544760786821e-01
4.390959788670384389e-01
3.762841209275021859e-01
3.660111535074846434e-01
4.663927208687995152e-01
3.803933078955092362e-01
5.497505136483710197e-01
0.000000000000000000e+00
0.000000000000000000e+00
0.000000000000000000e+00
8.761373642500733805e-01
5.902553566187261902e-01
5.121808042265922900e-01
4.787202817728206661e-01
4.250073378338714014e-01
4.217786909304373499e-01
4.076900498972703124e-01
4.035808629292632621e-01
4.270619313178749543e-01
4.320516583504549479e-01
4.329321984150278912e-01
4.411505723510419363e-01
5.060170237745816868e-01
4.493689462870560369e-01
4.473143528030525395e-01
4.432051658350454892e-01
4.399765189316114378e-01
4.390959788670384389e-01
5.852656295861461411e-01
5.556207807455239012e-01
4.399765189316114378e-01
4.250073378338714014e-01
3.853830349280892298e-01
3.742295274434986330e-01
3.853830349280892298e-01
3.771646609920751292e-01
3.619019665394775931e-01
3.692398004109186949e-01
3.712943938949221923e-01
3.792192544760786821e-01
6.419137070736717909e-01
0.000000000000000000e+00
8.963897857352508547e-01
0.000000000000000000e+00
8.811270912826533186e-01
8.103903727619606867e-01
5.344878191957733726e-01
4.886997358379806533e-01
4.126797769298503060e-01
3.994716759612562118e-01
4.035808629292632621e-01
4.027003228646903743e-01
4.176695039624302996e-01
4.308776049310243383e-01
4.308776049310243383e-01
4.420311124156149352e-01
4.593484003522160242e-01
4.493689462870560369e-01
4.481948928676254273e-01
4.716759612562371751e-01
4.531846199002054765e-01
4.584678602876430809e-01
5.902553566187261902e-01
4.696213677722336777e-01
4.907543293219841507e-01
4.250073378338714014e-01
4.828294687408277164e-01
3.824479013795127336e-01
3.862635749926621731e-01
3.751100675080716318e-01
5.688288817141179399e-01
6.510126210742588349e-01
3.762841209275021859e-01
3.874376284120927827e-01
4.208981508658643511e-01
0.000000000000000000e+00
9.228059876724391541e-01
9.633108306427942136e-01
5.080716172585852952e-01
8.517757557968888005e-01
5.465218667449369683e-01
4.208981508658643511e-01
3.974170824772527144e-01
3.803933078955092362e-01
3.812738479600821795e-01
4.076900498972703124e-01
4.188435573818609092e-01
4.279424713824478976e-01
4.270619313178749543e-01
4.370413853830349415e-01
4.493689462870560369e-01
4.493689462870560369e-01
4.584678602876430809e-01
4.746110948048136158e-01
4.493689462870560369e-01
4.655121808042266274e-01
5.923099501027295766e-01
4.807748752568241635e-01
4.725565013208101184e-01
4.390959788670384389e-01
4.015262694452597647e-01
3.812738479600821795e-01
4.167889638978573008e-01
3.630760199589081472e-01
3.548576460228940466e-01
3.630760199589081472e-01
3.680657469914880853e-01
4.006457293806868214e-01
4.217786909304373499e-01
0.000000000000000000e+00
0.000000000000000000e+00
9.178162606398589940e-01
5.051364837100088545e-01
4.634575873202230745e-01
5.303786322277663778e-01
4.320516583504549479e-01
3.915468153800998330e-01
3.762841209275021859e-01
3.803933078955092362e-01
4.065159964778397583e-01
4.159084238332844130e-01
4.361608453184619982e-01
4.279424713824478976e-01
4.361608453184619982e-01
4.452597593190489866e-01
4.461402993836219300e-01
4.523040798356324776e-01
4.866451423539771004e-01
4.593484003522160242e-01
6.154975051364837135e-01
4.816554153213971068e-01
4.605224537716465782e-01
4.828294687408277164e-01
4.493689462870560369e-01
4.147343704138538589e-01
3.915468153800998330e-01
3.721749339594951356e-01
3.721749339594951356e-01
3.701203404754915827e-01
3.833284414440857324e-01
3.953624889932491615e-01
3.944819489286762737e-01
4.006457293806868214e-01
5.424126797769298625e-01
0.000000000000000000e+00
0.000000000000000000e+00
0.000000000000000000e+00
4.493689462870560369e-01
4.705019078368065655e-01
4.258878778984444002e-01
4.065159964778397583e-01
4.006457293806868214e-01
3.924273554446727208e-01
4.047549163486938717e-01
4.258878778984444002e-01
5.820369826827120896e-01
4.217786909304373499e-01
4.279424713824478976e-01
4.399765189316114378e-01
4.493689462870560369e-01
4.461402993836219300e-01
4.886997358379806533e-01
6.316407396536543040e-01
5.374229527443498133e-01
5.629586146169650585e-01
5.629586146169650585e-01
4.746110948048136158e-01
4.614029938362195771e-01
4.299970648664514505e-01
4.531846199002054765e-01
3.985911358966833240e-01
3.803933078955092362e-01
6.539477546228353866e-01
3.874376284120927827e-01
3.944819489286762737e-01
4.349867918990313886e-01
3.953624889932491615e-01
0.000000000000000000e+00
0.000000000000000000e+00
0.000000000000000000e+00
0.000000000000000000e+00
6.469034341062518401e-01
4.552392133842089739e-01
4.684473143528030681e-01
4.138538303492808601e-01
4.126797769298503060e-01
4.076900498972703124e-01
4.159084238332844130e-01
4.552392133842089739e-01
4.898737892574112074e-01
4.299970648664514505e-01
4.288230114470208409e-01
4.370413853830349415e-01
4.370413853830349415e-01
4.502494863516289803e-01
6.703845024948634768e-01
6.398591135896684046e-01
5.779277957147049838e-01
5.415321397123569191e-01
5.283240387437628804e-01
4.807748752568241635e-01
4.655121808042266274e-01
4.622835339007924649e-01
4.229527443498679595e-01
4.531846199002054765e-01
6.530672145582624433e-01
4.035808629292632621e-01
5.456413266803639139e-01
4.308776049310243383e-01
4.208981508658643511e-01
5.679483416495451076e-01
0.000000000000000000e+00
0.000000000000000000e+00
0.000000000000000000e+00
0.000000000000000000e+00
8.608746697974757334e-01
4.948635162899912010e-01
4.828294687408277164e-01
4.473143528030525395e-01
4.238332844144408473e-01
4.349867918990313886e-01
4.493689462870560369e-01
4.734370413853830062e-01
4.705019078368065655e-01
4.643381273847960178e-01
4.299970648664514505e-01
4.370413853830349415e-01
4.775462283533900565e-01
4.898737892574112074e-01
5.506310537129438520e-01
6.084531846199001670e-01
6.225418256530672600e-01
5.424126797769298625e-01
5.617845611975345044e-01
5.080716172585852952e-01
4.866451423539771004e-01
4.716759612562371751e-01
4.705019078368065655e-01
5.110067508071617359e-01
4.523040798356324776e-01
6.002348106838860664e-01
5.444672732609333599e-01
6.287056061050777522e-01
4.493689462870560369e-01
8.902260052832403625e-01
0.000000000000000000e+00
0.000000000000000000e+00
0.000000000000000000e+00
0.000000000000000000e+00
0.000000000000000000e+00
6.146169650719107702e-01
4.807748752568241635e-01
4.493689462870560369e-01
4.696213677722336777e-01
4.696213677722336777e-01
4.796008218373935539e-01
4.969181097739947539e-01
6.448488406222483427e-01
7.443498679189902711e-01
4.361608453184619982e-01
4.716759612562371751e-01
4.390959788670384389e-01
4.543586733196360306e-01
7.088347519812151498e-01
8.001174053419430887e-01
6.105077781039037754e-01
5.861461696507190844e-01
5.647196947461109451e-01
5.609040211329615611e-01
5.688288817141179399e-01
4.989727032579981958e-01
5.110067508071617359e-01
5.667742882301144425e-01
6.592309950102729355e-01
6.539477546228353866e-01
4.622835339007924649e-01
4.543586733196360306e-01
4.461402993836219300e-01
4.907543293219841507e-01
0.000000000000000000e+00
0.000000000000000000e+00
0.000000000000000000e+00
0.000000000000000000e+00
0.000000000000000000e+00
6.968007044320516652e-01
6.196066921044908193e-01
5.526856471969474605e-01
5.758732022307014864e-01
5.415321397123569191e-01
5.374229527443498133e-01
5.394775462283534218e-01
5.688288817141179399e-01
4.989727032579981958e-01
5.312591722923393212e-01
7.422952744349867737e-01
5.212797182271793339e-01
4.655121808042266274e-01
0.000000000000000000e+00
6.915174640446140053e-01
0.000000000000000000e+00
0.000000000000000000e+00
6.278250660405048089e-01
5.688288817141179399e-01
5.890813031992956361e-01
0.000000000000000000e+00
5.609040211329615611e-01
5.832110361021426437e-01
0.000000000000000000e+00
5.374229527443498133e-01
0.000000000000000000e+00
4.857646022894041571e-01
5.638391546815380018e-01
0.000000000000000000e+00
0.000000000000000000e+00
3.316700909891399651e-01
0.000000000000000000e+00
0.000000000000000000e+00
0.000000000000000000e+00
0.000000000000000000e+00
0.000000000000000000e+00
0.000000000000000000e+00
6.398591135896684046e-01
0.000000000000000000e+00
0.000000000000000000e+00
0.000000000000000000e+00
0.000000000000000000e+00
0.000000000000000000e+00
0.000000000000000000e+00
0.000000000000000000e+00
0.000000000000000000e+00
0.000000000000000000e+00
0.000000000000000000e+00
0.000000000000000000e+00
0.000000000000000000e+00
0.000000000000000000e+00
0.000000000000000000e+00
0.000000000000000000e+00
0.000000000000000000e+00
0.000000000000000000e+00
0.000000000000000000e+00
0.000000000000000000e+00
0.000000000000000000e+00
0.000000000000000000e+00
0.000000000000000000e+00
0.000000000000000000e+00
6.612855884942765439e-01
6.307601995890812496e-01
0.000000000000000000e+00
3.346052245377164613e-01
0.000000000000000000e+00
0.000000000000000000e+00
0.000000000000000000e+00
0.000000000000000000e+00
0.000000000000000000e+00
0.000000000000000000e+00
0.000000000000000000e+00
0.000000000000000000e+00
0.000000000000000000e+00
0.000000000000000000e+00
0.000000000000000000e+00
0.000000000000000000e+00
2.054593484003522114e-03
0.000000000000000000e+00
0.000000000000000000e+00
0.000000000000000000e+00
0.000000000000000000e+00
0.000000000000000000e+00
0.000000000000000000e+00
0.000000000000000000e+00
0.000000000000000000e+00
0.000000000000000000e+00
0.000000000000000000e+00
2.180804226592309991e-01
6.604050484297036006e-02
9.098914000587026568e-03
0.000000000000000000e+00
0.000000000000000000e+00
0.000000000000000000e+00
0.000000000000000000e+00
0.000000000000000000e+00
0.000000000000000000e+00
0.000000000000000000e+00
0.000000000000000000e+00
0.000000000000000000e+00
0.000000000000000000e+00
3.357792779571470154e-01
0.000000000000000000e+00
0.000000000000000000e+00
4.420311124156149352e-01
3.346052245377164613e-01
0.000000000000000000e+00
0.000000000000000000e+00
0.000000000000000000e+00
0.000000000000000000e+00
0.000000000000000000e+00
0.000000000000000000e+00
0.000000000000000000e+00
3.193425300851188697e-01
0.000000000000000000e+00
0.000000000000000000e+00
4.440857058996183770e-01
0.000000000000000000e+00
0.000000000000000000e+00
0.000000000000000000e+00
0.000000000000000000e+00
0.000000000000000000e+00
0.000000000000000000e+00
0.000000000000000000e+00
0.000000000000000000e+00
0.000000000000000000e+00
0.000000000000000000e+00
0.000000000000000000e+00
0.000000000000000000e+00
0.000000000000000000e+00
0.000000000000000000e+00
0.000000000000000000e+00
0.000000000000000000e+00
0.000000000000000000e+00
0.000000000000000000e+00
0.000000000000000000e+00
0.000000000000000000e+00
0.000000000000000000e+00
0.000000000000000000e+00
0.000000000000000000e+00
0.000000000000000000e+00
0.000000000000000000e+00
4.440857058996183770e-01
0.000000000000000000e+00
0.000000000000000000e+00
3.225711769885529767e-01
0.000000000000000000e+00
0.000000000000000000e+00
0.000000000000000000e+00
0.000000000000000000e+00
0.000000000000000000e+00
0.000000000000000000e+00
0.000000000000000000e+00
0.000000000000000000e+00
0.000000000000000000e+00
0.000000000000000000e+00
0.000000000000000000e+00
0.000000000000000000e+00
0.000000000000000000e+00
0.000000000000000000e+00
0.000000000000000000e+00
0.000000000000000000e+00
0.000000000000000000e+00
0.000000000000000000e+00
0.000000000000000000e+00
0.000000000000000000e+00
