7.933534743202416140e-01
8.758308157099697899e-01
8.746223564954682672e-01
6.377643504531722574e-01
5.803625377643504279e-01
5.199395770392749583e-01
5.386706948640482828e-01
5.637462235649547404e-01
5.522658610271903301e-01
5.552870090634440814e-01
5.459214501510574191e-01
5.259818731117824608e-01
5.595166163141994664e-01
4.184290030211480493e-01
6.577039274924471046e-01
3.151057401812688563e-01
0.000000000000000000e+00
0.000000000000000000e+00
9.456193353474319219e-01
9.205438066465256863e-01
6.637462235649547182e-01
5.637462235649547404e-01
5.042296072507552740e-01
5.335347432024168945e-01
5.522658610271903301e-01
5.522658610271903301e-01
5.386706948640482828e-01
5.208459214501510726e-01
4.978851963746223075e-01
5.794561933534743137e-01
3.945619335347432255e-01
3.664652567975830721e-01
5.761329305135951540e-01
0.000000000000000000e+00
9.299093655589123486e-01
9.489425981873111926e-01
0.000000000000000000e+00
6.513595166163141936e-01
5.510574018126888074e-01
5.314199395770392575e-01
5.302114803625377348e-01
5.468277945619335334e-01
5.459214501510574191e-01
5.344410876132930088e-01
5.794561933534743137e-01
4.779456193353474602e-01
4.374622356495467823e-01
3.975830815709969768e-01
3.839879154078549295e-01
3.495468277945619207e-01
0.000000000000000000e+00
9.728096676737160164e-01
9.676737160120845171e-01
0.000000000000000000e+00
6.555891238670694676e-01
5.794561933534743137e-01
5.353474320241692341e-01
5.438066465256797821e-01
5.459214501510574191e-01
5.450151057401813048e-01
5.280966767371600978e-01
5.854984894259818162e-01
4.719033232628399022e-01
4.395770392749244748e-01
4.111782477341389685e-01
4.009063444108761365e-01
4.039274924471298878e-01
0.000000000000000000e+00
0.000000000000000000e+00
0.000000000000000000e+00
9.936555891238670890e-01
6.794561933534742915e-01
5.803625377643504279e-01
5.407854984894260308e-01
5.543806646525679671e-01
5.429003021148035568e-01
5.323262839879153718e-01
6.314199395770392353e-01
7.211480362537764366e-01
4.740181268882174836e-01
4.854984894259818384e-01
4.226586102719033233e-01
4.184290030211480493e-01
4.447129909365558631e-01
0.000000000000000000e+00
0.000000000000000000e+00
0.000000000000000000e+00
9.175226586102718240e-01
6.075528700906345225e-01
5.709969788519636547e-01
5.374622356495467601e-01
5.416918429003020341e-01
5.335347432024168945e-01
5.293051359516616206e-01
5.084592145015105480e-01
4.948640483383685562e-01
5.365558912386706458e-01
4.549848942598187507e-01
4.145015105740181283e-01
4.341389728096676781e-01
4.697885196374622097e-01
0.000000000000000000e+00
9.154078549848941870e-01
1.000000000000000000e+00
7.096676737160121373e-01
4.948640483383685562e-01
5.719033232628398800e-01
5.271903323262839836e-01
5.314199395770392575e-01
5.250755287009063466e-01
5.238670694864048238e-01
4.936555891238670335e-01
5.021148036253776370e-01
4.664652567975831055e-01
4.395770392749244748e-01
4.489425981873111926e-01
4.383685800604229521e-01
6.658610271903323552e-01
0.000000000000000000e+00
9.163141993957703013e-01
9.740181268882175392e-01
6.253776435045316218e-01
4.833836858006042569e-01
5.072507552870090253e-01
5.009063444108761143e-01
5.102719033232628876e-01
5.072507552870090253e-01
6.407854984894260086e-01
7.274924471299093476e-01
4.864048338368580082e-01
5.960725075528701122e-01
4.175226586102718795e-01
4.332326283987915083e-01
4.456193353474320329e-01
4.561933534743202179e-01
0.000000000000000000e+00
9.009063444108761365e-01
9.540785498489425809e-01
6.271903323262839614e-01
4.676737160120845727e-01
5.030211480362537513e-01
4.800604229607250417e-01
4.969788519637461932e-01
4.987915407854984773e-01
7.933534743202416140e-01
4.583081570996978549e-01
4.779456193353474602e-01
5.293051359516616206e-01
4.217522658610271535e-01
4.549848942598187507e-01
4.259818731117824275e-01
4.447129909365558631e-01
0.000000000000000000e+00
9.196374622356495721e-01
9.362537764350453706e-01
5.063444108761329110e-01
4.643504531722054129e-01
4.592145015105740247e-01
4.749244712990936534e-01
4.842900302114803712e-01
7.577039274924470824e-01
4.749244712990936534e-01
4.570996978851963322e-01
5.063444108761329110e-01
5.314199395770392575e-01
4.280966767371601200e-01
4.758308157099697677e-01
6.462235649546826943e-01
4.090634441087613316e-01
0.000000000000000000e+00
9.154078549848941870e-01
9.175226586102718240e-01
6.084592145015105258e-01
4.685800604229606869e-01
4.456193353474320329e-01
4.697885196374622097e-01
4.685800604229606869e-01
4.906344410876133377e-01
4.728096676737159609e-01
4.583081570996978549e-01
4.894259818731118150e-01
4.936555891238670335e-01
4.081570996978851618e-01
4.060422960725075803e-01
3.945619335347432255e-01
4.166163141993957653e-01
0.000000000000000000e+00
9.528700906344410582e-01
5.709969788519636547e-01
6.063444108761329998e-01
4.489425981873111926e-01
4.238670694864048460e-01
4.561933534743202179e-01
4.604229607250755474e-01
4.842900302114803712e-01
4.833836858006042569e-01
4.873111782477341225e-01
5.157099697885196843e-01
4.706948640483383794e-01
4.154078549848942425e-01
4.069486404833836946e-01
3.945619335347432255e-01
4.311178247734139268e-01
0.000000000000000000e+00
0.000000000000000000e+00
0.000000000000000000e+00
5.374622356495467601e-01
4.489425981873111926e-01
4.226586102719033233e-01
5.220543806646525953e-01
4.528700906344411137e-01
4.706948640483383794e-01
5.009063444108761143e-01
6.691842900302114039e-01
6.084592145015105258e-01
4.936555891238670335e-01
4.259818731117824275e-01
4.090634441087613316e-01
4.123867069486404913e-01
4.395770392749244748e-01
0.000000000000000000e+00
0.000000000000000000e+00
0.000000000000000000e+00
5.480362537764350561e-01
4.864048338368580082e-01
4.697885196374622097e-01
5.021148036253776370e-01
4.561933534743202179e-01
4.842900302114803712e-01
5.280966767371600978e-01
6.827794561933534512e-01
5.918429003021148382e-01
5.166163141993957986e-01
4.957703927492447260e-01
4.842900302114803712e-01
4.664652567975831055e-01
0.000000000000000000e+00
3.507552870090634434e-01
0.000000000000000000e+00
0.000000000000000000e+00
0.000000000000000000e+00
6.075528700906345225e-01
5.740181268882175170e-01
5.658610271903322664e-01
5.344410876132930088e-01
0.000000000000000000e+00
4.969788519637461932e-01
7.160120845921450483e-01
0.000000000000000000e+00
0.000000000000000000e+00
5.909365558912386129e-01
0.000000000000000000e+00
5.335347432024168945e-01
5.803625377643504279e-01
0.000000000000000000e+00
0.000000000000000000e+00
0.000000000000000000e+00
0.000000000000000000e+00
0.000000000000000000e+00
0.000000000000000000e+00
2.084592145015105868e-02
0.000000000000000000e+00
0.000000000000000000e+00
0.000000000000000000e+00
0.000000000000000000e+00
0.000000000000000000e+00
0.000000000000000000e+00
0.000000000000000000e+00
0.000000000000000000e+00
0.000000000000000000e+00
7.734138972809667667e-01
0.000000000000000000e+00
0.000000000000000000e+00
0.000000000000000000e+00
0.000000000000000000e+00
0.000000000000000000e+00
0.000000000000000000e+00
0.000000000000000000e+00
0.000000000000000000e+00
0.000000000000000000e+00
0.000000000000000000e+00
0.000000000000000000e+00
0.000000000000000000e+00
0.000000000000000000e+00
0.000000000000000000e+00
0.000000000000000000e+00
0.000000000000000000e+00
0.000000000000000000e+00
0.000000000000000000e+00
